# Frame resolution: 704x480
# Display resolution: 704x480
# Scale: 1.0000 x 1.0000

# Parking Slots
PARKING_SLOTS = [
    [(124,311),(104,287),(57,287),(4,286),(5,417),(88,349),(125,311)],
    [(123,310),(89,346),(8,426),(260,422),(209,335),(176,304)],
    [(176,304),(209,335),(257,412),(317,278),(260,270),(205,275)],
    [(204,275),(259,271),(316,260),(229,192),(203,230),(179,257)],
    [(179,257),(203,230),(224,187),(101,216),(114,241),(132,262)],
    [(132,262),(106,284),(55,288),(2,284),(74,209),(104,216)],
]

# Entry Zones
ENTRY_ZONES = [
]
